<?xml version="1.0"?>
<opencv_storage>
<CameraMatrix type_id="opencv-matrix">
  <rows>3</rows>
  <cols>3</cols>
  <dt>f</dt>
  <data>
    4.95293915e+02 0. 3.30220886e+02 0. 5.14823425e+02 2.34116272e+02 0.
    0. 1.</data></CameraMatrix>
<DistortionCoeffs type_id="opencv-matrix">
  <rows>1</rows>
  <cols>5</cols>
  <dt>f</dt>
  <data>
    -3.63881767e-01 1.82470977e-01 1.35592301e-03 5.70525241e-04
    -4.94495034e-02</data></DistortionCoeffs>
<RotationValues type_id="opencv-matrix">
  <rows>3</rows>
  <cols>1</cols>
  <dt>f</dt>
  <data>
    1.42434192e+00 1.41531062e+00 -1.01664078e+00</data></RotationValues>
<TranslationValues type_id="opencv-matrix">
  <rows>3</rows>
  <cols>1</cols>
  <dt>f</dt>
  <data>
    -6.75762512e+02 8.87801270e+02 3.66123975e+03</data></TranslationValues>
</opencv_storage>
