<?xml version="1.0"?>
<opencv_storage>
<CameraMatrix type_id="opencv-matrix">
  <rows>3</rows>
  <cols>3</cols>
  <dt>d</dt>
  <data>
    4.9529392177200185e+02 0. 3.3022088061146803e+02 0.
    5.1482339830654837e+02 2.3411627906110323e+02 0. 0. 1.</data></CameraMatrix>
<DistortionCoeffs type_id="opencv-matrix">
  <rows>1</rows>
  <cols>5</cols>
  <dt>d</dt>
  <data>
    -3.6388177627686813e-01 1.8247097670972998e-01
    1.3559230489443373e-03 5.7052526191101534e-04
    -4.9449504304647410e-02</data></DistortionCoeffs>
</opencv_storage>
