<?xml version="1.0"?>
<opencv_storage>
<CameraMatrix type_id="opencv-matrix">
  <rows>3</rows>
  <cols>3</cols>
  <dt>d</dt>
  <data>
    5.0087592872360739e+02 0. 3.2730987552134053e+02 0.
    5.1630563839716717e+02 2.4714285401232630e+02 0. 0. 1.</data></CameraMatrix>
<DistortionCoeffs type_id="opencv-matrix">
  <rows>1</rows>
  <cols>5</cols>
  <dt>d</dt>
  <data>
    -3.6883287328673320e-01 1.9085050812336105e-01
    1.3018322432070089e-03 4.0078478847896900e-05
    -6.1350537220020193e-02</data></DistortionCoeffs>
</opencv_storage>
