<?xml version="1.0"?>
<opencv_storage>
<CornersAmount>48</CornersAmount>
<Corner_0>
  316 306</Corner_0>
<Corner_1>
  324 310</Corner_1>
<Corner_2>
  333 315</Corner_2>
<Corner_3>
  342 320</Corner_3>
<Corner_4>
  353 325</Corner_4>
<Corner_5>
  363 330</Corner_5>
<Corner_6>
  373 335</Corner_6>
<Corner_7>
  384 341</Corner_7>
<Corner_8>
  305 309</Corner_8>
<Corner_9>
  314 315</Corner_9>
<Corner_10>
  323 319</Corner_10>
<Corner_11>
  332 324</Corner_11>
<Corner_12>
  342 330</Corner_12>
<Corner_13>
  352 335</Corner_13>
<Corner_14>
  363 341</Corner_14>
<Corner_15>
  373 347</Corner_15>
<Corner_16>
  295 314</Corner_16>
<Corner_17>
  304 319</Corner_17>
<Corner_18>
  312 324</Corner_18>
<Corner_19>
  321 329</Corner_19>
<Corner_20>
  331 334</Corner_20>
<Corner_21>
  341 341</Corner_21>
<Corner_22>
  352 346</Corner_22>
<Corner_23>
  363 352</Corner_23>
<Corner_24>
  283 318</Corner_24>
<Corner_25>
  292 324</Corner_25>
<Corner_26>
  301 329</Corner_26>
<Corner_27>
  310 334</Corner_27>
<Corner_28>
  319 340</Corner_28>
<Corner_29>
  329 346</Corner_29>
<Corner_30>
  340 352</Corner_30>
<Corner_31>
  351 359</Corner_31>
<Corner_32>
  272 323</Corner_32>
<Corner_33>
  280 328</Corner_33>
<Corner_34>
  289 334</Corner_34>
<Corner_35>
  299 340</Corner_35>
<Corner_36>
  308 346</Corner_36>
<Corner_37>
  318 351</Corner_37>
<Corner_38>
  329 358</Corner_38>
<Corner_39>
  339 365</Corner_39>
<Corner_40>
  260 328</Corner_40>
<Corner_41>
  269 333</Corner_41>
<Corner_42>
  277 339</Corner_42>
<Corner_43>
  287 345</Corner_43>
<Corner_44>
  296 351</Corner_44>
<Corner_45>
  306 357</Corner_45>
<Corner_46>
  317 365</Corner_46>
<Corner_47>
  327 372</Corner_47>
</opencv_storage>
