<?xml version="1.0"?>
<opencv_storage>
<CameraMatrix type_id="opencv-matrix">
  <rows>3</rows>
  <cols>3</cols>
  <dt>d</dt>
  <data>
    5.0263556497601195e+02 0. 3.3849080556003759e+02 0.
    5.2305754539281395e+02 2.3360350624275924e+02 0. 0. 1.</data></CameraMatrix>
<DistortionCoeffs type_id="opencv-matrix">
  <rows>1</rows>
  <cols>5</cols>
  <dt>d</dt>
  <data>
    -3.5979367896875525e-01 1.7385836428834445e-01
    -2.0141459647606070e-04 5.0740560317468115e-04
    -4.9411772429816508e-02</data></DistortionCoeffs>
</opencv_storage>
