<?xml version="1.0"?>
<opencv_storage>
<CameraMatrix type_id="opencv-matrix">
  <rows>3</rows>
  <cols>3</cols>
  <dt>d</dt>
  <data>
    4.9916537576203183e+02 0. 3.4826153873351461e+02 0.
    5.1884185005892039e+02 2.5418760320174721e+02 0. 0. 1.</data></CameraMatrix>
<DistortionCoeffs type_id="opencv-matrix">
  <rows>1</rows>
  <cols>5</cols>
  <dt>d</dt>
  <data>
    -3.8290996188802612e-01 2.4712566464166957e-01
    -8.8494025827685690e-04 -4.5041818327207537e-04
    -1.1778443636172008e-01</data></DistortionCoeffs>
</opencv_storage>
